0231002120310
Road.Dirt
[
  [
    [ -110.830078125, 38.10840413627695 ],
    [ -110.8298511, 38.1086855 ],
    [ -110.8295285, 38.109196 ],
    [ -110.829304, 38.1098692 ],
    [ -110.8291848, 38.11001 ],
    [ -110.8291638, 38.1100762 ],
    [ -110.8291638, 38.1104018 ],
    [ -110.8288551, 38.1112185 ],
    [ -110.8287675, 38.1115469 ],
    [ -110.828536, 38.1118421 ],
    [ -110.828515, 38.111947 ],
    [ -110.8286447, 38.1120132 ],
    [ -110.8289884, 38.1121153 ],
    [ -110.8295916, 38.1121512 ],
    [ -110.830078125, 38.11221764720846 ]
  ],
  [
    [ -110.830078125, 38.11261556984135 ],
    [ -110.8297073, 38.1126616 ],
    [ -110.8288622, 38.1128272 ],
    [ -110.8285255, 38.1127968 ],
    [ -110.8279153, 38.1126782 ],
    [ -110.8274524, 38.112485 ],
    [ -110.8273963, 38.1124188 ],
    [ -110.8273331, 38.1121953 ],
    [ -110.827436, 38.1118462 ],
    [ -110.8277158, 38.1115372 ],
    [ -110.827766, 38.1113598 ],
    [ -110.827649, 38.1111954 ],
    [ -110.8275195, 38.1110212 ],
    [ -110.8274485, 38.1105447 ],
    [ -110.8272146, 38.109815 ],
    [ -110.8271603, 38.1090886 ],
    [ -110.8270893, 38.1087534 ],
    [ -110.8270934, 38.1084346 ],
    [ -110.8270266, 38.1082242 ],
    [ -110.8268345, 38.1081289 ],
    [ -110.8263123, 38.1080862 ],
    [ -110.8261619, 38.1080303 ],
    [ -110.8260283, 38.1077147 ],
    [ -110.8257651, 38.1075537 ],
    [ -110.8254017, 38.1074485 ],
    [ -110.8248795, 38.1073631 ],
    [ -110.8247333, 38.1073039 ],
    [ -110.8247208, 38.107248 ],
    [ -110.8252805, 38.1067155 ],
    [ -110.8255813, 38.1061699 ],
    [ -110.8259071, 38.1058149 ],
    [ -110.8260408, 38.1055323 ],
    [ -110.8262329, 38.1052167 ],
    [ -110.8262455, 38.1050195 ],
    [ -110.8261452, 38.1048716 ],
    [ -110.825786, 38.1045199 ],
    [ -110.8255855, 38.1042865 ],
    [ -110.8255228, 38.10404 ],
    [ -110.8257567, 38.1033234 ],
    [ -110.8257818, 38.1027449 ],
    [ -110.8259823, 38.1020809 ],
    [ -110.8259489, 38.102002 ],
    [ -110.8258027, 38.1019757 ],
    [ -110.8254393, 38.1019757 ],
    [ -110.8247124, 38.1019231 ],
    [ -110.8241694, 38.1020086 ],
    [ -110.8237976, 38.1020184 ],
    [ -110.8228118, 38.1021368 ],
    [ -110.8220182, 38.1020645 ],
    [ -110.8210073, 38.1018804 ],
    [ -110.8203682, 38.1019889 ],
    [ -110.8199964, 38.1020086 ],
    [ -110.8197708, 38.1020119 ],
    [ -110.8196956, 38.101956 ],
    [ -110.8197249, 38.1018442 ],
    [ -110.820034, 38.1013643 ],
    [ -110.8200382, 38.1012788 ],
    [ -110.8199672, 38.1012558 ],
    [ -110.8196539, 38.1014991 ],
    [ -110.8191025, 38.1017719 ],
    [ -110.8189354, 38.1019823 ],
    [ -110.8188435, 38.1020283 ],
    [ -110.8188101, 38.1019823 ],
    [ -110.8188936, 38.1017522 ],
    [ -110.8192779, 38.1011934 ],
    [ -110.8192779, 38.1011276 ],
    [ -110.8192027, 38.1011835 ],
    [ -110.8185803, 38.1016043 ],
    [ -110.8180624, 38.1021401 ],
    [ -110.8179412, 38.1023011 ],
    [ -110.8178535, 38.1023406 ],
    [ -110.8178201, 38.1023044 ],
    [ -110.8178535, 38.1022222 ],
    [ -110.8181459, 38.101693 ],
    [ -110.818196, 38.1014564 ],
    [ -110.8184884, 38.100891 ],
    [ -110.8185093, 38.1006642 ],
    [ -110.8183798, 38.1002434 ],
    [ -110.81841725732299, 38.09998264736481 ]
  ],
  [
    [ -110.815625127232, 38.09998264736481 ],
    [ -110.8155143, 38.1000889 ],
    [ -110.8150631, 38.1004636 ],
    [ -110.814729, 38.1006148 ],
    [ -110.8145493, 38.1006313 ],
    [ -110.8144741, 38.1005918 ],
    [ -110.8143948, 38.1004176 ],
    [ -110.81409593815965, 38.09998264736481 ]
  ]
]
	147256180
Water.Stream
[
  [ -110.8181872, 38.1295259 ],
  [ -110.818279, 38.1306845 ],
  [ -110.8183875, 38.1316649 ],
  [ -110.8183892, 38.1333554 ],
  [ -110.8186307, 38.1339061 ],
  [ -110.8190666, 38.134009 ],
  [ -110.8197227, 38.1343681 ],
  [ -110.81989174819215, 38.134556577054134 ]
]
	323553679
Water.Stream
[
  [ -110.8072066, 38.1330182 ],
  [ -110.8064342, 38.1344967 ],
  [ -110.80639823430218, 38.134556577054134 ]
]
	323716229
Water.Stream
[
  [ -110.8078627, 38.1112502 ],
  [ -110.8076443, 38.1116932 ],
  [ -110.8073301, 38.1120807 ],
  [ -110.8071397, 38.1123636 ],
  [ -110.8069826, 38.1125015 ],
  [ -110.8068535, 38.1127839 ],
  [ -110.8066997, 38.1130562 ],
  [ -110.806657, 38.1133151 ],
  [ -110.8065376, 38.1134938 ],
  [ -110.806345, 38.1137942 ],
  [ -110.8061057, 38.114085 ],
  [ -110.8058985, 38.1144145 ],
  [ -110.8057382, 38.1146196 ],
  [ -110.805625, 38.1149743 ],
  [ -110.8052796, 38.1154998 ],
  [ -110.8048435, 38.1165819 ],
  [ -110.8035391, 38.1180065 ],
  [ -110.8031554, 38.1181824 ],
  [ -110.8030587, 38.1184035 ],
  [ -110.8024212, 38.1187173 ],
  [ -110.8020012, 38.1191167 ],
  [ -110.8014875, 38.1195184 ],
  [ -110.8006445, 38.1201745 ],
  [ -110.8002547, 38.120493 ],
  [ -110.7998921, 38.1206594 ],
  [ -110.7992938, 38.1208021 ],
  [ -110.7990461, 38.1210208 ],
  [ -110.7985989, 38.1211681 ],
  [ -110.7981508, 38.1210951 ],
  [ -110.7976229, 38.1210707 ],
  [ -110.7969914, 38.1211111 ],
  [ -110.7962844, 38.1210469 ],
  [ -110.7957405, 38.1209922 ],
  [ -110.7951211, 38.1209138 ],
  [ -110.7946437, 38.121016 ],
  [ -110.7943294, 38.1210398 ],
  [ -110.7938762, 38.1209019 ],
  [ -110.7933323, 38.1210517 ],
  [ -110.7929486, 38.1211539 ],
  [ -110.7921811, 38.1213013 ],
  [ -110.7917913, 38.1213749 ],
  [ -110.7912353, 38.1211729 ],
  [ -110.7908999, 38.1208853 ],
  [ -110.7907442, 38.1205483 ],
  [ -110.7905198, 38.1201449 ],
  [ -110.7904216, 38.1199045 ],
  [ -110.7903169, 38.1196288 ],
  [ -110.7902506, 38.1191868 ],
  [ -110.7900498, 38.1188724 ],
  [ -110.7899515, 38.11859 ],
  [ -110.7896887, 38.1184035 ],
  [ -110.7892465, 38.1182757 ],
  [ -110.7886482, 38.1180891 ],
  [ -110.7883726, 38.1179513 ],
  [ -110.7880542, 38.1179278 ],
  [ -110.7876205, 38.117795 ],
  [ -110.7873257, 38.1176538 ],
  [ -110.7870287, 38.117637 ],
  [ -110.7866441, 38.1176521 ],
  [ -110.7863194, 38.1175109 ],
  [ -110.7861328125, 38.11739988469749 ]
]
	335413437
Label
[ [ -110.8146614, 38.1213006 ] ]
	356672649
Label
[ [ -110.8095638, 38.133011 ] ]
	3425239784
Label
[ [ -110.8006919, 38.1295653 ] ]
	3425239786
Label
[ [ -110.813588, 38.108935 ] ]
	8303340546
Spring
[ [ -110.8264394, 38.1461167 ] ]
	3303393836
Spring
[ [ -110.8390433, 38.155271 ] ]
	3303393839
Spring
[ [ -110.8499377, 38.1744879 ] ]
	3303393840
Spring
[ [ -110.8500203, 38.1685754 ] ]
	3303394219
Spring
[ [ -110.8017566, 38.1533781 ] ]
	3304968615


{
  'Road.ATV': [Function (anonymous)],
  'Road.Dirt': [Function (anonymous)],
  'Road.Neon': [Function (anonymous)],
  'Road.Paved': [Function (anonymous)],
  'Road.Trail': [Function (anonymous)],
  'Spring.Capped': [Function (anonymous)],
  'Spring.Inactive': [Function (anonymous)],
  Spring: [Function (anonymous)],
  'Water.Inactive': [Function (anonymous)],
  Water: [Function (anonymous)],
  'Water.Stream': [Function (anonymous)]
}
